$ANSIBLE_VAULT;1.1;AES256
66303363343237613039326334663331623537333031653732333661653866363665663139393132
3765656166616539666136613566663239643361633366370a396531333366306562373532623331
33373134393835303964393363313163356265363630633764313362626661393664333766393266
6261623764656231610a653264363961383562653464646564663666316163346365373062306232
33616362363534376663663838313339646464616365373237393939666435323738316137636336
39646335623231356230653162613361663962353539666463396632316135336436643431393166
37386464666130353963386461356563653234353538323662626262323862376433656162363864
35613333393935386337633132306339346637363961613161653365353739613031366364343563
33343863383765643263343934366530363662303130613134323432623138313735333964663035
33303738613863313166656463366633303731323833323630646263303435333538313635646263
38373865346233356439333966366238363836373332356337666462663464393839306261623033
31623831336462623334
